BDMEP - INMET
--------------------
Estação           : SAO PAULO MIR de SANTANA  - SP (OMM: 83781)
Latitude  (graus) : -23.5
Longitude (graus) : -46.61
Altitude  (metros): 792.06
Estação Operante
Inicio de operação: 01/12/1945
Periodo solicitado dos dados: 01/12/1945 a 01/01/2014
Os dados listados abaixo são os que encontram-se digitados no BDMEP
--------------------
Obs.: Os dados aparecem separados por ; (ponto e vírgula) no formato txt.
      Para o formato planilha XLS, <a href="http://www.inmet.gov.br/projetos/rede/pesquisa/instrucao.html" target="_top" rel="facebox">siga as instruções</a>
--------------------
Estacao;Data;Hora;TempMaximaMedia;TempCompensadaMedia;TempMinimaMedia;UmidadeRelativaMedia;
83781;31/01/1961;0000;26.570968;21.592903;18.448387;84.612903;
83781;28/02/1961;0000;26.867857;21.819286;18.775;83.080357;
83781;31/03/1961;0000;26.174194;20.600645;17.206452;83.008065;
83781;30/04/1961;0000;25.68;20.200667;16.583333;80.941667;
83781;31/05/1961;0000;22.525806;17.250968;13.716129;81.790323;
83781;30/06/1961;0000;22.573333;16.687333;12.82;80.766667;
83781;31/07/1961;0000;23.364516;16.26129;11.558065;74.282258;
83781;31/08/1961;0000;25.7;17.735484;12.332258;71.41129;
83781;30/09/1961;0000;28.293333;20.436;16.143333;74.416667;
83781;31/10/1961;0000;27.6;20.708387;16.606452;76.935484;
83781;30/11/1961;0000;28.196667;21.18;16.68;78.083333;
83781;31/12/1961;0000;27.177419;20.72129;17.083871;81.185484;
83781;31/01/1962;0000;26.658065;20.677419;16.977419;81.927419;
83781;28/02/1962;0000;27.907143;21.252143;17.303571;81.928571;
83781;31/03/1962;0000;28.103226;21.4;17.487097;81.83871;
83781;30/04/1962;0000;25.773333;18.894667;15.05;80.891667;
83781;31/05/1962;0000;22.803226;16.114194;12.158065;80.419355;
83781;30/06/1962;0000;21.073333;14.152;9.973333;78.15;
83781;31/07/1962;0000;20.577419;13.723871;9.219355;78.104839;
83781;31/08/1962;0000;23.764516;15.82;10.658065;71.83871;
83781;30/09/1962;0000;23.91;17.695333;13.903333;78.075;
83781;31/10/1962;0000;21.545161;17.16129;14.370968;83.556452;
83781;30/11/1962;0000;25.21;19.278;14.976667;76.716667;
83781;31/12/1962;0000;24.483871;19.985161;17.106452;87.024194;
83781;31/01/1963;0000;27.874194;22.487742;19.329032;81.072581;
83781;28/02/1963;0000;26.914286;21.305;17.764286;83.3125;
83781;31/03/1963;0000;28.729032;22.49871;18.870968;79.467742;
83781;30/04/1963;0000;26.086667;19.054667;14.576667;75.725;
83781;31/05/1963;0000;23.732258;16.411613;11.425806;74.725806;
83781;30/06/1963;0000;21.143333;14.871333;10.123333;74.458333;
83781;31/07/1963;0000;23.4;16.015484;10.841935;68.524194;
83781;31/08/1963;0000;24.748387;17.525161;12.367742;65.870968;
83781;30/09/1963;0000;28.306897;20.504667;15.456667;65.586207;
83781;31/10/1963;0000;25.867742;19.640645;15.964516;80.395161;
83781;30/11/1963;0000;27.546667;21.194667;17.026667;77.075;
83781;31/12/1963;0000;26.806452;20.597419;16.641935;75.08871;
83781;31/01/1964;0000;26.564516;20.950323;17.451613;78.983871;
83781;29/02/1964;0000;26.393103;21.246207;18.244828;84.896552;
83781;31/03/1964;0000;26.948387;20.982581;16.925806;74.564516;
83781;30/04/1964;0000;25.71;20.032;16.996667;81.558333;
83781;31/05/1964;0000;21.551613;16.339355;13.022581;82.064516;
83781;30/06/1964;0000;19.743333;14.745333;11.076667;80.966667;
83781;31/07/1964;0000;18.6;13.084516;9.596774;83.709677;
83781;31/08/1964;0000;23.080645;16.976129;12.770968;77.758065;
83781;30/09/1964;0000;25.16;17.986667;13.293333;75.725;
83781;31/10/1964;0000;22.516129;17.705806;14.648387;83.540323;
83781;30/11/1964;0000;23.45;18.158667;14.223333;77.491667;
83781;31/12/1964;0000;24.516129;19.642581;16.33871;83.532258;
83781;31/01/1965;0000;25.109677;20.123871;16.983871;86.056452;
83781;28/02/1965;0000;26.310714;21.391429;18.292857;82.330357;
83781;31/03/1965;0000;24.858065;19.78129;16.480645;81.58871;
83781;30/04/1965;0000;24.863333;19.574;16.076667;81.166667;
83781;31/05/1965;0000;22.196774;16.905161;13.125806;80.677419;
83781;30/06/1965;0000;22.49;17.198;13.73;82.783333;
83781;31/07/1965;0000;21.1;15.589677;11.751613;79.185484;
83781;31/08/1965;0000;24.519355;17.552903;12.293548;68.75;
83781;30/09/1965;0000;26.333333;19.499333;15.256667;74.725;
83781;31/10/1965;0000;24.396774;18.851613;15.377419;80.717742;
83781;30/11/1965;0000;25.783333;20.254;16.686667;81.416667;
83781;31/12/1965;0000;26.412903;21.985161;19;81.612903;
83781;31/01/1966;0000;27.635484;22.414194;18.829032;78.677419;
83781;28/02/1966;0000;29.307143;23.389286;19.732143;76.964286;
83781;31/03/1966;0000;26.577419;21.210968;17.629032;78.774194;
83781;30/04/1966;0000;24.68;19.452667;16.276667;81.525862;
83781;31/05/1966;0000;22.564516;17.32129;14.06129;81.766129;
83781;30/06/1966;0000;22.973333;17.059333;13.206667;72.775;
83781;31/07/1966;0000;23.041935;16.800645;12.667742;73.629032;
83781;31/08/1966;0000;22.177419;15.793548;12.070968;80.427419;
83781;30/09/1966;0000;23.163333;16.608;12.486667;79.616667;
83781;31/10/1966;0000;24.074194;18.483333;15.035484;82.708333;
83781;30/11/1966;0000;24.963333;19.462667;15.913333;82.133333;
83781;31/12/1966;0000;26.76129;21.396774;18.145161;82.354839;
83781;31/01/1967;0000;26.293548;21.202581;18.13871;85.137097;
83781;28/02/1967;0000;27.432143;22.079286;18.864286;82.580357;
83781;31/03/1967;0000;26.267742;20.867742;17.787097;84.66129;
83781;30/04/1967;0000;25.31;19.392667;15.863333;80.4;
83781;31/05/1967;0000;25.116129;18.130323;13.809677;77.370968;
83781;30/06/1967;0000;22.13;16.528667;12.55;77.883333;
83781;31/07/1967;0000;22.148387;16.025806;11.909677;76.298387;
83781;31/08/1967;0000;26.180645;18.623226;13.790323;69.217742;
83781;30/09/1967;0000;24.873333;18.342667;13.873333;75.716667;
83781;31/10/1967;0000;26.709677;20.638065;16.858065;76.959677;
83781;30/11/1967;0000;24.95;19.170667;15.89;83.491667;
83781;31/12/1967;0000;24.183871;19.223226;15.896774;81.798387;
83781;31/01/1968;0000;26.490323;21.05871;17.6;80.766129;
83781;29/02/1968;0000;26.217241;20.338621;16.582759;77.732143;
83781;31/03/1968;0000;26.896774;20.912903;17.316129;82.096774;
83781;30/04/1968;0000;22.893333;17.307333;13.85;77.3;
83781;31/05/1968;0000;21.509677;14.645161;10.022581;76.282258;
83781;30/06/1968;0000;21.13;14.946;11.21;79.666667;
83781;31/07/1968;0000;20.916129;14.537419;10.564516;77.709677;
83781;31/08/1968;0000;21.432258;14.870323;10.825806;78.314516;
83781;30/09/1968;0000;23.376667;16.724667;12.716667;75.158333;
83781;31/10/1968;0000;24.383871;18.549677;14.541935;77.935484;
83781;30/11/1968;0000;27.203333;20.698;16.42;72.641667;
83781;31/12/1968;0000;27.448387;21.985806;18.067742;75.556452;
83781;31/01/1969;0000;29.177419;22.910323;19.009677;77.669355;
83781;28/02/1969;0000;28.339286;22.723571;19.285714;80.330357;
83781;31/03/1969;0000;27.819355;21.788387;18.012903;78.427419;
83781;30/04/1969;0000;24.873333;18.783333;15.08;81.033333;
83781;31/05/1969;0000;23.606452;17.489032;13.367742;77.33871;
83781;30/06/1969;0000;22.493333;16.694667;12.72;75.3;
83781;31/07/1969;0000;22.564516;15.834194;11.625806;75.5;
83781;31/08/1969;0000;23.722581;16.968387;12.945161;76.387097;
83781;30/09/1969;0000;25.166667;18.724667;14.736667;80.083333;
83781;31/10/1969;0000;22.612903;17.156774;13.86129;84.677419;
83781;30/11/1969;0000;25.533333;20.226667;17.053333;83.35;
83781;31/12/1969;0000;25.045161;19.567097;15.848387;78.314516;
83781;31/01/1970;0000;26.980645;21.250968;17.712903;83.282258;
83781;28/02/1970;0000;26.857143;21.857143;18.939286;84.830357;
83781;31/03/1970;0000;27.993548;22.098065;18.535484;80.508065;
83781;30/04/1970;0000;25.91;19.792;16;79.308333;
83781;31/05/1970;0000;25.109677;19.225161;15.370968;78.443548;
83781;30/06/1970;0000;23.256667;17.892;14.25;78.483333;
83781;31/07/1970;0000;21.254839;15.48129;11.725806;80.572581;
83781;31/08/1970;0000;22.103226;16.116129;12.187097;76.032258;
83781;30/09/1970;0000;23.216667;16.986;13.57;82.1;
83781;31/10/1970;0000;24.248387;18.214839;14.335484;81.959677;
83781;30/11/1970;0000;24.303333;18.449333;14.303333;80.25;
83781;31/12/1970;0000;28.432258;22.354194;17.770968;78.370968;
83781;31/01/1971;0000;29.977419;23.592903;19;72.808333;
83781;28/02/1971;0000;29.842857;23.046429;18.957143;78.553571;
83781;31/03/1971;0000;28.429032;22.200645;18.554839;82.895161;
83781;30/04/1971;0000;24.51;19.024667;15.366667;83.698276;
83781;31/05/1971;0000;22.567742;16.86129;13.119355;84.185484;
83781;30/06/1971;0000;20.766667;15.429333;11.603333;84.491667;
83781;31/07/1971;0000;22.341935;15.552258;10.774194;79.064516;
83781;31/08/1971;0000;23.277419;16.922581;12.770968;76.919355;
83781;30/09/1971;0000;24.016667;17.722667;13.19;75.891667;
83781;31/10/1971;0000;23.587097;17.662581;13.625806;81.403226;
83781;30/11/1971;0000;24.326667;18.560667;14.41;79.875;
83781;31/12/1971;0000;26.287097;20.909032;16.787097;81.024194;
83781;31/01/1972;0000;27.577419;21.976129;18.164516;79.298387;
83781;29/02/1972;0000;26.531034;21.517931;18.244828;82.862069;
83781;31/03/1972;0000;28.029032;22.458065;18.648387;81.959677;
83781;30/04/1972;0000;23.403333;17.862667;13.873333;80.858333;
83781;31/05/1972;0000;23.825806;18.187742;14.13871;77.927419;
83781;30/06/1972;0000;25.29;18.612667;13.24;66.316667;
83781;31/07/1972;0000;21.445161;15.855484;12.141935;78.733871;
83781;31/08/1972;0000;22.790323;17.359355;13.322581;75.653226;
83781;30/09/1972;0000;23.343333;18.095333;14.676667;81.041667;
83781;31/10/1972;0000;24.464516;19.24;15.73871;81.322581;
83781;30/11/1972;0000;25.036667;20.222;16.99;84.508333;
83781;31/12/1972;0000;26.770968;21.616774;17.958065;81.282258;
83781;31/01/1973;0000;28.441935;23.02;19.651613;80.75;
83781;28/02/1973;0000;29.832143;23.693571;19.592857;78.741071;
83781;31/03/1973;0000;25.851613;21.07871;17.664516;84.290323;
83781;30/04/1973;0000;27.683333;22.390667;19.086667;84.216667;
83781;31/05/1973;0000;22.851613;17.729677;13.683871;82.580645;
83781;30/06/1973;0000;24.04;17.915333;12.963333;77.291667;
83781;31/07/1973;0000;22.922581;17.087097;12.993548;78.120968;
83781;31/08/1973;0000;21.109677;15.90129;12.512903;81.790323;
83781;30/09/1973;0000;22.063333;16.880667;13.56;83.433333;
83781;31/10/1973;0000;23.8;18.044516;14.145161;81.306452;
83781;30/11/1973;0000;24.076667;18.521333;14.633333;80.133333;
83781;31/12/1973;0000;26.277419;21.377419;18.045161;80.967742;
83781;31/01/1974;0000;26.951613;21.924516;18.551613;82.104839;
83781;28/02/1974;0000;29.414286;22.939286;18.728571;77.482143;
83781;31/03/1974;0000;26.887097;21.566452;18.309677;83.274194;
83781;30/04/1974;0000;23.81;18.832;15.67;82.675;
83781;31/05/1974;0000;23.2;17.734194;13.841935;76.669355;
83781;30/06/1974;0000;19.97;15.265333;12.013333;82.083333;
83781;31/07/1974;0000;22.754839;16.384516;12;76.653226;
83781;31/08/1974;0000;24.31;17.205161;12.7;71.66129;
83781;30/09/1974;0000;24.26;17.516667;13.373333;78.641667;
83781;31/10/1974;0000;24.213333;17.709032;13.870968;83.425;
83781;30/11/1974;0000;26.39;20.024667;15.263333;74.308333;
83781;31/12/1974;0000;24.241935;20.139355;17.4;84.717742;
83781;31/01/1975;0000;26.609677;21.425806;17.909677;82.556452;
83781;28/02/1975;0000;28.242857;22.69;19.135714;81.375;
83781;31/03/1975;0000;27.854839;22.364516;18.812903;79.935484;
83781;30/04/1975;0000;24.643333;18.788;15.016667;84.325;
83781;31/05/1975;0000;21.783871;16.769032;13.580645;85.225806;
83781;30/06/1975;0000;21.843333;16.214;12.38;85.925;
83781;31/07/1975;0000;21.025806;14.64;10.219355;84.185484;
83781;31/08/1975;0000;26.506452;19.463871;14.625806;74.266129;
83781;30/09/1975;0000;24.636667;18.572667;14.963333;81.441667;
83781;31/10/1975;0000;24.832258;18.880645;15.622581;84.685484;
83781;30/11/1975;0000;24.526667;20.03;16.816667;85.025;
83781;31/12/1975;0000;27.193548;22.029677;18.780645;83.169355;
83781;31/01/1976;0000;27.709677;22.740645;19.448387;83.112903;
83781;29/02/1976;0000;25.696552;20.922069;18.113793;86.155172;
83781;31/03/1976;0000;26.716129;21.462581;18.287097;84.645161;
83781;30/04/1976;0000;24.623333;19.284667;16.08;85.65;
83781;31/05/1976;0000;21.570968;17.030323;14.051613;88.516129;
83781;30/06/1976;0000;21.263333;15.950667;12.103333;87.525;
83781;31/07/1976;0000;20.454839;15.125806;11.116129;90.153226;
83781;31/08/1976;0000;21.922581;16.206452;12.025806;90.008065;
83781;30/09/1976;0000;21.116667;16.461333;13.15;87.766667;
83781;31/10/1976;0000;23.2;17.865161;14.209677;87.766129;
83781;30/11/1976;0000;26.326667;20.154667;15.886667;90.733333;
83781;31/12/1976;0000;26.222581;21.269032;17.877419;85.604839;
83781;31/01/1977;0000;27.577419;22.187333;18.59;80.233333;
83781;28/02/1977;0000;30.746429;24.133571;19.360714;70.8125;
83781;31/03/1977;0000;28.258065;22.56129;19.03871;77.879032;
83781;30/04/1977;0000;23.646667;19.345333;16.406667;82.741667;
83781;31/05/1977;0000;23.206452;17.66;13.712903;79.814516;
83781;30/06/1977;0000;22.226667;17.286;13.87;82.375;
83781;31/07/1977;0000;25.280645;19.000645;14.235484;67.427419;
83781;31/08/1977;0000;25.003226;18.78;14.919355;73.354839;
83781;30/09/1977;0000;24.793333;18.858;14.813333;77.775;
83781;31/10/1977;0000;26.135484;20.52;16.877419;77.9;
83781;30/11/1977;0000;25.696667;20.672667;17.636667;82.341667;
83781;31/12/1977;0000;25.109677;20.083226;16.73871;82.782258;
83781;31/01/1978;0000;28.509677;22.875484;19.187097;77.282258;
83781;28/02/1978;0000;27.764286;22.23;18.453571;75.883929;
83781;31/03/1978;0000;27.577419;22.309677;18.770968;76.16129;
83781;30/04/1978;0000;24.386667;18.750667;15.21;76.633333;
83781;31/05/1978;0000;22;16.366452;12.474194;76.306452;
83781;30/06/1978;0000;21.536667;15.777333;11.76;73.208333;
83781;31/07/1978;0000;22.606667;16.878667;13.151613;76.782258;
83781;31/08/1978;0000;22.448387;16.162581;11.912903;71.895161;
83781;30/09/1978;0000;23.496667;17.512667;13.733333;74.383333;
83781;31/10/1978;0000;26.916129;19.902581;15.216129;72.451613;
83781;30/11/1978;0000;25.23;20.039333;15.956667;77.808333;
83781;31/12/1978;0000;26.16129;21.008387;16.912903;74.120968;
83781;31/01/1979;0000;24.225806;19.44;16.209677;79.451613;
83781;28/02/1979;0000;27.225;21.95;18.439286;79.321429;
83781;31/03/1979;0000;25.822581;20.41871;16.964516;77.556452;
83781;30/04/1979;0000;23.973333;18.772667;15.26;77.741667;
83781;31/05/1979;0000;23.046667;18.298;14.82;75.491935;
83781;30/06/1979;0000;21.333333;15.623448;11.865517;74.341667;
83781;31/07/1979;0000;20.932258;15.117241;10.735484;71.185484;
83781;31/08/1979;0000;24;18.008387;14.003226;79.145161;
83781;30/09/1979;0000;22.056667;17.196;13.446667;80.233333;
83781;31/10/1979;0000;26.058065;20.564;16.945161;78.75;
83781;30/11/1979;0000;24.976667;19.816667;15.943333;80.566667;
83781;31/12/1979;0000;26.151613;21.618065;18.458065;82.403226;
83781;31/01/1980;0000;26.025806;21.263226;18.06129;79.983871;
83781;29/02/1980;0000;27.258621;22.16;18.82069;80.008621;
83781;31/03/1980;0000;28.935484;23.544516;19.577419;72.725806;
83781;30/04/1980;0000;25.046667;20.256552;17.173333;80.705357;
83781;31/05/1980;0000;24.848387;19.267742;15.312903;72.629032;
83781;30/06/1980;0000;21.136667;15.819333;11.97;73.325;
83781;31/07/1980;0000;22.867742;16.925161;12.941935;74.112903;
83781;31/08/1980;0000;22.896774;17.349032;13.232258;75.072581;
83781;30/09/1980;0000;21.766667;16.078;12.386667;75.658333;
83781;31/10/1980;0000;25.645161;19.849032;15.535484;71.153226;
83781;30/11/1980;0000;25.446667;19.924667;16.476667;77.541667;
83781;31/12/1980;0000;;;;80.447917;
83781;31/01/1981;0000;;;;80.785714;
83781;28/02/1981;0000;29.385714;23.409286;19.528571;72.616071;
83781;31/03/1981;0000;26.954839;21.690968;18.496774;76.830645;
83781;30/04/1981;0000;;;;74.901786;
83781;31/05/1981;0000;24.103226;18.567097;14.980645;76.790323;
83781;30/06/1981;0000;20.77;15.796667;12.236667;71.316667;
83781;31/07/1981;0000;19.806452;14.279355;10.283871;71.08871;
83781;31/08/1981;0000;22.86129;16.956774;12.822581;69.870968;
83781;30/09/1981;0000;26.023333;19.079333;14.516667;64.991667;
83781;31/10/1981;0000;22.864516;17.77871;14.619355;79.080645;
83781;30/11/1981;0000;26.093333;21.083333;17.84;78.266667;
83781;31/12/1981;0000;25.583871;21.108387;17.880645;74.080645;
83781;31/01/1982;0000;24.887097;20.244516;17.467742;80.370968;
83781;28/02/1982;0000;;;;74.885417;
83781;31/03/1982;0000;;;;84.607143;
83781;30/04/1982;0000;22.993333;18.252667;15.533333;79.158333;
83781;31/05/1982;0000;22.074194;16.804516;13.045161;74.741935;
83781;30/06/1982;0000;22.793333;18.095333;14.693333;77.633333;
83781;31/07/1982;0000;22.570968;16.938065;13.019355;73.403226;
83781;31/08/1982;0000;23.858065;17.959355;13.793548;73.185484;
83781;30/09/1982;0000;24.173333;18.059333;14.24;70.216667;
83781;31/10/1982;0000;25;19.327742;15.583871;76.104839;
83781;30/11/1982;0000;26.983333;21.947333;18.57;75.862069;
83781;31/12/1982;0000;24.487097;20.482581;17.916129;82.209677;
83781;31/12/1983;0000;;;;78.419355;
83781;31/01/1984;0000;29.732258;23.987742;19.867742;71.16129;
83781;29/02/1984;0000;31.524138;24.812414;20.624138;70.5;
83781;31/03/1984;0000;27.909677;21.776774;18.367742;77.58871;
83781;30/04/1984;0000;24.473333;19.483333;16.05;80.416667;
83781;31/05/1984;0000;25.641935;20.112903;16.090323;75.645161;
83781;30/06/1984;0000;23.776667;17.811333;13.423333;71.975;
83781;31/07/1984;0000;23.174194;17.365806;13.387097;71.645161;
83781;31/08/1984;0000;21.277419;16.003226;12.203226;75.346774;
83781;30/09/1984;0000;23.41;17.117333;12.956667;71.091667;
83781;31/10/1984;0000;26.990323;20.456129;16.264516;70.91129;
83781;30/11/1984;0000;26.76;20.815333;17.28;74.8;
83781;31/12/1984;0000;25.754839;20.730968;17.406452;79.58871;
83781;31/01/1985;0000;25.364516;20.766452;17.764516;82.620968;
83781;28/02/1985;0000;28.807143;23.016429;19.246429;77.732143;
83781;31/03/1985;0000;27.648387;22.451613;19.164516;79;
83781;30/04/1985;0000;26.186667;21.225333;17.823333;76.658333;
83781;31/05/1985;0000;23.4;17.627097;13.625806;75.66129;
83781;30/06/1985;0000;21.09;15.266;11.136667;69.616667;
83781;31/07/1985;0000;21.651613;15.260645;10.622581;68.370968;
83781;31/08/1985;0000;25.348387;18.036774;12.990323;66.951613;
83781;30/09/1985;0000;23.753333;17.561333;14.016667;75.9;
83781;31/10/1985;0000;27.025806;19.845806;15.3;70.459677;
83781;30/11/1985;0000;27.526667;21.125333;16.873333;70.35;
83781;31/12/1985;0000;27.903226;21.632903;17.429032;71.927419;
83781;31/01/1986;0000;29.648387;23.580645;19.354839;72.056452;
83781;28/02/1986;0000;27.932143;22.865714;19.582143;78.973214;
83781;31/03/1986;0000;27.454839;22.16;18.770968;79.306452;
83781;30/04/1986;0000;26.55;21.286;17.833333;75.791667;
83781;31/05/1986;0000;24.429032;19.473548;16.348387;78.459677;
83781;30/06/1986;0000;22.603333;16.642667;12.133333;72.408333;
83781;31/07/1986;0000;21.051613;15.791613;12.13871;74.137097;
83781;31/08/1986;0000;23.012903;17.683871;14.112903;74.008065;
83781;30/09/1986;0000;23.733333;17.714667;13.803333;73.325;
83781;31/10/1986;0000;25.558065;19.443871;15.025806;73.677419;
83781;30/11/1986;0000;27.753333;21.696667;17.263333;74.208333;
83781;31/12/1986;0000;26.325806;21.633548;18.458065;84.66129;
83781;31/01/1987;0000;28.619355;23.336129;19.245161;79.548387;
83781;28/02/1987;0000;28.539286;22.642143;18.782143;78.517857;
83781;31/03/1987;0000;27.916129;21.534839;16.848387;77.629032;
83781;30/04/1987;0000;26.8;21.517333;17.926667;77.241667;
83781;31/05/1987;0000;22.03871;17.478065;13.967742;82.072581;
83781;30/06/1987;0000;21.45;15.697333;11.35;77.183333;
83781;31/07/1987;0000;24.787097;18.516774;13.73871;68.112903;
83781;31/08/1987;0000;23.054839;16.47871;11.33871;69.645161;
83781;30/09/1987;0000;22.393333;17.127333;13.036667;77.483333;
83781;31/10/1987;0000;25.974194;19.834839;15.832258;74.669355;
83781;30/11/1987;0000;27.153333;21.208667;17.31;72.883333;
83781;31/12/1987;0000;27.690323;22.238065;18.648387;75.024194;
83781;31/01/1988;0000;29.487097;23.991613;20.325806;74.379032;
83781;29/02/1988;0000;26.344828;21.513793;18.610345;83.362069;
83781;31/03/1988;0000;28.029032;22.432903;18.732258;75.879032;
83781;30/04/1988;0000;24.686667;20.314;17.5;82.15;
83781;31/05/1988;0000;22.374194;17.863871;14.996774;82.830645;
83781;30/06/1988;0000;20.62;15.387333;10.92;75.905172;
83781;31/07/1988;0000;18.958065;13.672258;9.906452;76.975806;
83781;31/08/1988;0000;24.396667;17.62;12.843333;64.891667;
83781;30/09/1988;0000;25.8;19.696;15.27;68.125;
83781;31/10/1988;0000;23.993548;18.625806;15.209677;78.040323;
83781;30/11/1988;0000;24.77;19.635333;15.943333;73.85;
83781;31/12/1988;0000;27.174194;21.887097;18.387097;76;
83781;31/01/1989;0000;27.683871;22.652258;19.303226;76.225806;
83781;28/02/1989;0000;27.471429;22.941429;19.907143;78.580357;
83781;31/03/1989;0000;27.464516;22.208387;19.180645;79.935484;
83781;30/04/1989;0000;26.726667;21.269333;17.68;75.716667;
83781;31/05/1989;0000;22.248387;17.357419;13.941935;79.008065;
83781;30/06/1989;0000;20.844828;16.293333;13.237931;78.858333;
83781;31/07/1989;0000;20.482759;14.974839;10.976667;74.58871;
83781;31/08/1989;0000;22.648387;16.955484;12.806452;72.33871;
83781;30/09/1989;0000;22.883333;17.682;14.206667;78.041667;
83781;31/10/1989;0000;23.290323;17.685806;14.080645;78.927419;
83781;30/11/1989;0000;25.396667;19.968;16.403333;76.9;
83781;31/12/1989;0000;26.493333;21.216129;17.709677;76.217742;
83781;31/01/1990;0000;29.296774;23.834194;20.016129;74.451613;
83781;28/02/1990;0000;28.714286;23.082857;19.535714;73.741071;
83781;31/03/1990;0000;28.770968;23.200645;19.719355;77.153226;
83781;30/04/1990;0000;28.056667;22.788;19.013793;73.483333;
83781;31/05/1990;0000;22.6;17.409032;13.687097;75.701613;
83781;30/06/1990;0000;21.7;16.364;12.58;73.591667;
83781;31/07/1990;0000;19.271429;14.797692;11.218519;81.932692;
83781;31/08/1990;0000;21.409677;15.835484;11.645161;75.701613;
83781;30/09/1990;0000;22.586667;16.738667;12.126667;72.433333;
83781;31/10/1990;0000;26.509677;21.024516;16.883871;72.201613;
83781;30/11/1990;0000;28.846667;22.842667;18.933333;74.083333;
83781;31/12/1990;0000;27.651613;21.816129;17.941935;75.137097;
83781;31/01/1991;0000;27.180645;21.996129;18.722581;78.887097;
83781;28/02/1991;0000;27.267857;21.851429;18.464286;79.267857;
83781;31/03/1991;0000;25.290323;21.113548;18.448387;84.556452;
83781;30/04/1991;0000;25.166667;20.28;16.96;79.683333;
83781;31/05/1991;0000;23.293548;18.542581;14.809677;75.830645;
83781;30/06/1991;0000;22.63;17.644;13.916667;75.925;
83781;31/07/1991;0000;21.7;;12.496667;;
83781;31/08/1991;0000;23.276667;17.463333;13.04;72.333333;
83781;30/09/1991;0000;23.553333;17.446667;13.456667;74.858333;
83781;31/10/1991;0000;25.76129;20.182581;16.206452;72.467742;
83781;30/11/1991;0000;27.063333;21.538;17.603333;72.633333;
83781;31/12/1991;0000;27.829032;22.710323;19.135484;75.137097;
83781;31/01/1992;0000;27.448387;22.361935;18.877419;77.024194;
83781;29/02/1992;0000;28.582759;23.186897;19.486207;72.12931;
83781;31/03/1992;0000;27.367742;22.157419;18.535484;79.298387;
83781;30/04/1992;0000;25.093333;20.69;17.39;75.258333;
83781;31/05/1992;0000;23.983871;19.584516;16.612903;77.443548;
83781;30/06/1992;0000;23.7;18.770667;15.053333;72.466667;
83781;31/07/1992;0000;21.067742;16.118065;12.480645;75.524194;
83781;31/08/1992;0000;21.5;15.901935;12.380645;77.717742;
83781;30/09/1992;0000;21.563333;17.443333;14.6;80;
83781;31/10/1992;0000;25.125806;19.910968;16.416129;77.540323;
83781;30/11/1992;0000;25.496667;20.458;16.64;76.658333;
83781;31/12/1992;0000;26.803226;21.017419;16.929032;72.822581;
83781;31/01/1993;0000;28.13871;23.181935;19.445161;73.266129;
83781;28/02/1993;0000;26.467857;22.03;18.675;78.464286;
83781;31/03/1993;0000;27.777419;22.467742;18.896774;76.508065;
83781;30/04/1993;0000;26.553333;21.192667;17.456667;78.158333;
83781;31/05/1993;0000;23.090323;18.252258;14.219355;75.209677;
83781;30/06/1993;0000;21.34;16.463333;11.926667;75.866667;
83781;31/07/1993;0000;22.977419;17.576774;12.709677;69.927419;
83781;31/08/1993;0000;22.670968;16.222581;10.816129;68.217742;
83781;30/09/1993;0000;22.456667;17.414667;13.5;80.383333;
83781;31/10/1993;0000;26.929032;20.733548;15.748387;70.879032;
83781;30/11/1993;0000;28.77;22.756;17.62;66.341667;
83781;31/12/1993;0000;27.145161;21.89871;17.506452;75.540323;
83781;31/01/1994;0000;27.274194;21.789032;17.458065;78.080645;
83781;28/02/1994;0000;30.553571;24.366429;19.507143;71.857143;
83781;31/03/1994;0000;26.496774;21.394194;17.048387;77.814516;
83781;30/04/1994;0000;25.313333;20.092;15.663333;79.675;
83781;31/05/1994;0000;24.377419;19.129032;13.864516;78.379032;
83781;30/06/1994;0000;21.616667;15.583333;9.13;75.975;
83781;31/07/1994;0000;23.641935;16.855484;9.341935;68.629032;
83781;31/08/1994;0000;23.654839;16.777419;11.03871;71.193548;
83781;30/09/1994;0000;26.573333;19.733333;14.413333;65.566667;
83781;31/10/1994;0000;27.383871;21.026452;16.458065;74.532258;
83781;30/11/1994;0000;27.373333;21.437333;17.006667;72.366667;
83781;31/12/1994;0000;29.003226;23.331613;19.196774;74.451613;
83781;31/01/1995;0000;29.341935;23.971613;20.3;77.580645;
83781;28/02/1995;0000;27.410714;23.057857;20.110714;81.642857;
83781;31/03/1995;0000;27.096774;22.059355;18.53871;78.459677;
83781;30/04/1995;0000;25.88;20.496667;16.88;75.483333;
83781;31/05/1995;0000;23.006452;18.203226;14.93871;79.290323;
83781;30/06/1995;0000;22.83;17.296;13.01;72.316667;
83781;31/07/1995;0000;23.977419;18.565806;14.496774;83.008065;
83781;31/08/1995;0000;26.822581;20.147742;14.935484;70.758065;
83781;30/09/1995;0000;24.66;18.696667;14.303333;74;
83781;31/10/1995;0000;24.232258;18.880645;15.458065;77.822581;
83781;30/11/1995;0000;26.5;21.086;17.026667;71.541667;
83781;31/12/1995;0000;27.112903;21.804516;18.070968;74.548387;
83781;31/01/1996;0000;29.154839;23.683871;20.048387;75.370968;
83781;29/02/1996;0000;28.665517;23.251034;19.658621;78.87931;
83781;31/03/1996;0000;27.396774;22.336129;19.367742;81.475806;
83781;30/04/1996;0000;26.056667;21.134;17.643333;75.166667;
83781;31/05/1996;0000;22.490323;17.729677;14.458065;78.145161;
83781;30/06/1996;0000;22.03;16.964;13.426667;75.125;
83781;31/07/1996;0000;20.306452;15.017419;11.151613;74.846774;
83781;31/08/1996;0000;23.490323;16.647097;11.932258;72;
83781;30/09/1996;0000;22.776667;17.776;14.543333;77.341667;
83781;31/10/1996;0000;25.632258;20.103226;16.116129;73.870968;
83781;30/11/1996;0000;25.806667;20.553333;16.626667;74.65;
83781;31/12/1996;0000;28.348387;22.86;19.019355;75.774194;
83781;31/01/1997;0000;27.587097;22.589677;19.290323;79.798387;
83781;28/02/1997;0000;29.157143;23.282143;19.182143;74.324074;
83781;31/03/1997;0000;27;21.404516;17.66129;73.548387;
83781;30/04/1997;0000;25.613333;20.217333;16.056667;71.316667;
83781;31/05/1997;0000;22.825806;17.848387;14.225806;75.33871;
83781;30/06/1997;0000;20.953333;16.549333;12.376667;74.741667;
83781;31/07/1997;0000;23.716129;18.210323;13.458065;67.056452;
83781;31/08/1997;0000;24.996774;18.365161;13.022581;63.790323;
83781;30/09/1997;0000;25.503333;19.653333;15.036667;67.725;
83781;31/10/1997;0000;26.083871;20.410968;16.370968;73.935484;
83781;30/11/1997;0000;27.886667;22.488;18.48;75.591667;
83781;31/12/1997;0000;29.893548;23.949032;19.222581;69.612903;
83781;31/01/1998;0000;30.725806;24.589677;20.26129;70.828125;
83781;28/02/1998;0000;29.425;24.013571;19.959259;77.321429;
83781;31/03/1998;0000;29.054839;23.202581;19.406452;74.927419;
83781;30/04/1998;0000;26.273333;21.238667;17.68;72.658333;
83781;31/05/1998;0000;22.474194;17.642581;13.751613;72.983871;
83781;30/06/1998;0000;21.09;16.065333;12.256667;72.258333;
83781;31/07/1998;0000;22.651613;16.936774;13.136667;72.467742;
83781;31/08/1998;0000;26.487097;19.531613;14.864516;71.903226;
83781;30/09/1998;0000;24.983333;18.964667;15.176667;76.566667;
83781;31/10/1998;0000;25.267742;19.139355;15.387097;78.669355;
83781;30/11/1998;0000;27.263333;20.359333;15.94;73.05;
83781;31/12/1998;0000;29.619355;22.963871;18.541935;73.782258;
83781;31/01/1999;0000;30.790323;23.723226;19.670968;78.870968;
83781;28/02/1999;0000;30.914286;23.712857;19.589286;77.383929;
83781;31/03/1999;0000;29.954839;23.171613;19.154839;74.064516;
83781;30/04/1999;0000;27.35;20.336667;16.14;71.916667;
83781;31/05/1999;0000;24.183871;17.376129;12.796774;69.274194;
83781;30/06/1999;0000;23.17;16.568667;12.316667;77.216667;
83781;31/07/1999;0000;24.532258;17.295484;12.703226;73.427419;
83781;31/08/1999;0000;25.996774;17.204516;11.609677;64.887097;
83781;30/09/1999;0000;24.98;18.758;14.693103;67.891667;
83781;31/10/1999;0000;23.054839;17.934839;14.286667;75.516129;
83781;30/11/1999;0000;24.816667;18.976667;14.683333;69.425;
83781;31/12/1999;0000;27.906452;22.283871;18.464516;71.096774;
83781;31/01/2000;0000;27.790323;22.543226;19.093548;76.330645;
83781;29/02/2000;0000;27.110345;22.269655;19.182759;79.163793;
83781;31/03/2000;0000;26.380645;21.54;18.380645;77.806452;
83781;30/04/2000;0000;26.323333;20.503333;16.56;68.733333;
83781;31/05/2000;0000;23.087097;17.885161;13.93871;68.169355;
83781;30/06/2000;0000;24.276667;18.228667;13.8;66.483333;
83781;31/07/2000;0000;21.467742;15.261935;10.925806;67.072581;
83781;31/08/2000;0000;23.6;17.063871;12.267742;68.379032;
83781;30/09/2000;0000;23.876667;18.170667;14.386667;75.4;
83781;31/10/2000;0000;28.806452;22.026452;17.690323;69.241935;
83781;30/11/2000;0000;27.033333;21.46;17.853333;74.125;
83781;31/12/2000;0000;28.245161;22.475484;18.422581;74.209677;
83781;31/01/2001;0000;30.245161;24.049032;19.877419;70.887097;
83781;28/02/2001;0000;29.964286;24.055714;20.160714;76;
83781;31/03/2001;0000;30.016129;23.689032;19.512903;72.862903;
83781;30/04/2001;0000;28.343333;22.495333;18.566667;68.066667;
83781;31/05/2001;0000;22.990323;18.293548;14.877419;74.580645;
83781;30/06/2001;0000;22.97;17.517333;13.773333;73.958333;
83781;31/07/2001;0000;23.541935;17.270323;12.63871;71.298387;
83781;31/08/2001;0000;25.193548;18.636774;14.074194;66.701613;
83781;30/09/2001;0000;24.226667;18.506;14.616667;73.491667;
83781;31/10/2001;0000;26.906452;20.292903;15.958065;70.112903;
83781;30/11/2001;0000;27.4;21.648667;17.956667;74.275;
83781;31/12/2001;0000;26.9;21.725806;18.203226;75.435484;
83781;31/01/2002;0000;28.019355;22.8;19.174194;75.41129;
83781;28/02/2002;0000;26.839286;21.827857;18.6;78.866071;
83781;31/03/2002;0000;30.2;24.139355;19.767742;70.766129;
83781;30/04/2002;0000;28.68;23.012;19.16;69.983333;
83781;31/05/2002;0000;24.941935;19.588387;16.158065;73.766129;
83781;30/06/2002;0000;25.28;19.518;15.563333;68.008333;
83781;31/07/2002;0000;22.435484;16.440645;12.622581;76.879032;
83781;31/08/2002;0000;27.03871;20.283871;15.845161;70.241935;
83781;30/09/2002;0000;24.57;18.068667;13.743333;71.041667;
83781;31/10/2002;0000;30.480645;23.203226;18.06129;64.41129;
83781;30/11/2002;0000;27.96;22.022;17.926667;69.55;
83781;31/12/2002;0000;29.235484;23.252903;19.222581;70.201613;
83781;31/01/2003;0000;27.522581;22.743871;19.306452;76.217742;
83781;28/02/2003;0000;31.607143;25.362143;21.185714;65.205357;
83781;31/03/2003;0000;27.783871;22.410968;18.958065;72.677419;
83781;30/04/2003;0000;26.526667;21.383333;17.65;70.8;
83781;31/05/2003;0000;23.641935;18.236774;14.222581;69.645161;
83781;30/06/2003;0000;25.056667;19.064;14.943333;71.841667;
83781;31/07/2003;0000;23.632258;17.823226;13.464516;65.758065;
83781;31/08/2003;0000;22.096774;16.072903;11.809677;68.822581;
83781;30/09/2003;0000;24.43;18.281333;14.28;71.116667;
83781;31/10/2003;0000;26.46129;20.13871;15.93871;72.258065;
83781;30/11/2003;0000;26.686667;20.980667;17.073333;73.025;
83781;31/12/2003;0000;28.351613;22.538065;18.874194;74.709677;
83781;31/01/2004;0000;26.748387;21.538065;18.36129;81.620968;
83781;29/02/2004;0000;26.931034;21.516552;17.962069;79.491379;
83781;31/03/2004;0000;26.796774;21.083226;17.590323;79.524194;
83781;30/04/2004;0000;26.556667;21.386667;17.95;78.791667;
83781;31/05/2004;0000;22.087097;17.250968;14.190323;81.314516;
83781;30/06/2004;0000;22.343333;16.814;12.736667;72.716667;
83781;31/07/2004;0000;21.164516;16.092258;12.529032;76.137097;
83781;31/08/2004;0000;24.358065;17.629677;12.890323;67.653226;
83781;30/09/2004;0000;28.763333;21.226667;16.333333;64;
83781;31/10/2004;0000;24.816129;19.322581;15.516129;74.758065;
83781;30/11/2004;0000;26.533333;20.998;17.11;72.583333;
83781;31/12/2004;0000;27.093548;21.490968;17.712903;77.008065;
83781;31/01/2005;0000;27.354839;22.501935;19.348387;79.056452;
83781;28/02/2005;0000;28.164286;22.188571;18.217857;72.8125;
83781;31/03/2005;0000;27.729032;22.477419;19.083871;75.225806;
83781;30/04/2005;0000;27.626667;22.262667;18.726667;73.65;
83781;31/05/2005;0000;25.151613;19.68;15.667742;71.225806;
83781;30/06/2005;0000;24.036667;18.701333;14.786667;72.45;
83781;31/07/2005;0000;22.351613;17.00129;13.006452;70.225806;
83781;31/08/2005;0000;26.151613;19.452258;14.658065;64.08871;
83781;30/09/2005;0000;23.403333;18.109333;14.48;78.05;
83781;31/10/2005;0000;26.767742;21.050968;17.380645;77.975806;
83781;30/11/2005;0000;26.203333;20.599333;16.836667;74.875;
83781;31/12/2005;0000;26.877419;21.091613;17.183871;74.83871;
83781;31/01/2006;0000;29.719355;23.738065;19.806452;72.056452;
83781;28/02/2006;0000;28.660714;23.587143;20.185714;78.044643;
83781;31/03/2006;0000;28.658065;22.786452;19.241935;82.653226;
83781;30/04/2006;0000;25.983333;20.558667;16.973333;74.091667;
83781;31/05/2006;0000;22.16129;17.040645;13.448387;74.435484;
83781;30/06/2006;0000;22.906667;17.254667;13.373333;71.366667;
83781;31/07/2006;0000;24.354839;18.104516;13.274194;67.120968;
83781;31/08/2006;0000;25.325806;18.86;14.125806;63.637097;
83781;30/09/2006;0000;24.75;18.480667;14.25;69.425;
83781;31/10/2006;0000;26.151613;20.215484;16.625806;75.008065;
83781;30/11/2006;0000;26.65;20.926;17.173333;74.15;
83781;31/12/2006;0000;28.319355;22.661935;19.312903;77.120968;
83781;31/01/2007;0000;27.425806;22.793548;19.764516;78.024194;
83781;28/02/2007;0000;29.975;23.732143;19.378571;71.696429;
83781;31/03/2007;0000;30.716129;24.089032;19.816129;68.774194;
83781;30/04/2007;0000;27.26;21.862;18.506667;76.65;
83781;31/05/2007;0000;23.083871;17.76129;13.993548;74.693548;
83781;30/06/2007;0000;25.003333;18.626667;14.02;65.808333;
83781;31/07/2007;0000;22.180645;16.484516;12.309677;69.354839;
83781;31/08/2007;0000;25.390323;18.461935;13.758065;64.895161;
83781;30/09/2007;0000;27.86;20.475333;15.563333;64.358333;
83781;31/10/2007;0000;28.290323;21.29871;16.983871;71.790323;
83781;30/11/2007;0000;26.09;20.338667;16.726667;75.858333;
83781;31/12/2007;0000;28.703226;22.709677;18.677419;72.266129;
83781;31/01/2008;0000;26.66129;21.599355;18.445161;77.629032;
83781;29/02/2008;0000;28.289655;22.666207;19.003448;76.62931;
83781;31/03/2008;0000;27.387097;22.131613;18.625806;75.491935;
83781;30/04/2008;0000;25.986667;21.069333;17.513333;74.675;
83781;31/05/2008;0000;22.925806;17.734194;13.929032;70.741935;
83781;30/06/2008;0000;22.55;17.020667;13.253333;76.75;
83781;31/07/2008;0000;24.322581;17.496774;12.551613;62.91129;
83781;31/08/2008;0000;24.996774;18.853548;14.577419;69.725806;
83781;30/09/2008;0000;23.52;17.837333;13.993333;71.3;
83781;31/10/2008;0000;26.835484;20.801935;16.803226;75.540323;
83781;30/11/2008;0000;26.356667;20.723333;17.16;77.583333;
83781;31/12/2008;0000;27.274194;21.251613;17.16129;76.08871;
83781;31/01/2009;0000;27.283871;22.403871;18.86129;82.782258;
83781;28/02/2009;0000;29.342857;23.729286;19.928571;75.455357;
83781;31/03/2009;0000;28.746667;23.6536;19.989286;77.092593;
83781;30/04/2009;0000;25.566667;20.358182;16.87037;79.115385;
83781;31/05/2009;0000;25.214286;19.631429;15.542308;78.956522;
83781;30/06/2009;0000;21.408696;15.829;11.66;78.043478;
83781;31/07/2009;0000;21.976;17.153043;13.358333;83.32;
83781;31/08/2009;0000;24.5;18.277419;13.751613;68.475806;
83781;30/09/2009;0000;25.08;19.729333;16.143333;77.258333;
83781;31/10/2009;0000;25.483871;19.996774;16.467742;79.048387;
83781;30/11/2009;0000;29.92;24.104;20.313333;73.383333;
83781;31/12/2009;0000;28.312903;22.617419;19.209677;77.959677;
83781;31/01/2010;0000;28.983871;23.391613;19.848387;80.33871;
83781;28/02/2010;0000;30.878571;24.685;20.592857;69.964286;
83781;31/03/2010;0000;28.803226;23.016774;19.416129;74.516129;
83781;30/04/2010;0000;25.693333;20.624667;17.02;74.125;
83781;31/05/2010;0000;23.732258;18.423871;14.832258;74.548387;
83781;30/06/2010;0000;22.726667;16.820667;12.726667;70.166667;
83781;31/07/2010;0000;24.21;18.363226;14.164516;71.129032;
83781;31/08/2010;0000;24.16129;17.489677;12.816129;64.33871;
83781;30/09/2010;0000;25.996667;19.715333;15.52;70.483333;
83781;31/10/2010;0000;24.570968;18.591613;14.909677;75.137097;
83781;30/11/2010;0000;27.28;21.056667;16.973333;72.041667;
83781;31/12/2010;0000;28.354839;22.912903;19.3;77.846774;
83781;31/01/2011;0000;29.490323;23.854194;20.383871;78.185484;
83781;28/02/2011;0000;30.446429;24.360714;20.325;72.839286;
83781;31/03/2011;0000;25.923333;21.702667;18.893333;80.6;
83781;30/04/2011;0000;27.246667;21.75037;18.056667;75.525;
83781;31/05/2011;0000;22.990323;17.690323;14.283871;75.16129;
83781;30/06/2011;0000;22.29;15.961333;11.503333;72.658333;
83781;31/07/2011;0000;23.716129;17.483226;13.090323;70.967742;
83781;31/08/2011;0000;24.941935;18.303871;13.758065;69.895161;
83781;30/09/2011;0000;25.79;18.246;13.56;67.208333;
83781;31/10/2011;0000;26.264516;20.216774;16.432258;72.733871;
83781;30/11/2011;0000;26.19;20.013333;15.81;71.125;
83781;31/12/2011;0000;27.758065;22.199355;18.254839;69.854839;
83781;31/01/2012;0000;27.045161;21.476129;17.919355;78.177419;
83781;29/02/2012;0000;30.696552;24.527586;20.131034;71.62931;
83781;31/03/2012;0000;28.835484;22.449333;18.225806;73.096774;
83781;30/04/2012;0000;26.9;21.249333;17.87;78.716667;
83781;31/05/2012;0000;23.1;18.043871;14.593548;77.241935;
83781;30/06/2012;0000;22.216667;18.030714;14.403333;80.862069;
83781;31/07/2012;0000;23.425806;17.765806;13.341935;70.33871;
83781;31/08/2012;0000;25.693548;19.193548;14.258065;64.241935;
83781;30/09/2012;0000;27.34;20.064828;15.446667;64.4;
83781;31/10/2012;0000;29.403448;22.494815;17.490323;69.83871;
83781;30/11/2012;0000;26.446667;20.986897;17.173333;75.65;
83781;31/12/2012;0000;30.151613;24.565333;20.748387;75.298387;
83781;31/01/2013;0000;26.832258;22.047742;18.9;78.895161;
83781;28/02/2013;0000;29.353571;23.350714;19.15;75.133929;
83781;31/03/2013;0000;27.13;22.020667;18.683871;78.927419;
83781;30/04/2013;0000;;;16.4;75.458333;
83781;31/05/2013;0000;;;15.06129;74.774194;
83781;30/06/2013;0000;22.763333;18.145333;15.03;80.25;
83781;31/07/2013;0000;21.706452;16.697241;12.045161;75.225806;
83781;31/08/2013;0000;24.803226;17.985333;12.677419;63.919355;
83781;30/09/2013;0000;25.063333;19.1;14.74;68.422414;
83781;31/10/2013;0000;24.987097;19.802667;16.012903;72.5;
83781;30/11/2013;0000;26.966667;21.458621;17.62;73.05;
83781;31/12/2013;0000;28.896774;23.28;19.425806;70.774194;
